FREQ_MHz	SENS_DB	SENS_VPERPA	SENS_V2CM2PERW	CAP_PF
0.25	-263.38	6.78E-08	6.89E-05	89.325
0.3	-261.13	8.78E-08	1.16E-04	89.27
0.35	-259.91	1.01E-07	1.53E-04	89.216
0.4	-262.39	7.60E-08	8.66E-05	89.162
0.45	-263.03	7.05E-08	7.46E-05	89.109
0.5	-264.94	5.66E-08	4.81E-05	89.056
0.55	-263.71	6.52E-08	6.38E-05	89.003
0.6	-261.72	8.20E-08	1.01E-04	88.952
0.65	-261.71	8.22E-08	1.01E-04	88.9
0.7	-260.12	9.86E-08	1.46E-04	88.849
0.75	-261.96	7.98E-08	9.55E-05	88.799
0.8	-263.02	7.07E-08	7.49E-05	88.749
0.85	-261.14	8.77E-08	1.15E-04	88.7
0.9	-260.83	9.09E-08	1.24E-04	88.651
0.95	-260.3	9.66E-08	1.40E-04	88.603
1	-260.58	9.35E-08	1.31E-04	88.555
1.05	-261.49	8.43E-08	1.07E-04	88.507
1.1	-260.91	9.00E-08	1.22E-04	88.461
1.15	-259.42	1.07E-07	1.72E-04	88.414
1.2	-259.35	1.08E-07	1.74E-04	88.368
1.25	-260.36	9.59E-08	1.38E-04	88.322
1.3	-260.79	9.13E-08	1.25E-04	88.277
1.35	-260.18	9.79E-08	1.44E-04	88.233
1.4	-258.83	1.15E-07	1.97E-04	88.189
1.45	-258.26	1.22E-07	2.24E-04	88.145
1.5	-258.85	1.14E-07	1.95E-04	88.101
1.55	-259.51	1.06E-07	1.68E-04	88.059
1.6	-259.44	1.07E-07	1.71E-04	88.016
1.65	-258.61	1.17E-07	2.06E-04	87.974
1.7	-258.2	1.23E-07	2.27E-04	87.932
1.75	-258.34	1.21E-07	2.20E-04	87.891
1.8	-258.09	1.25E-07	2.33E-04	87.851
1.85	-257.54	1.33E-07	2.64E-04	87.81
1.9	-257.21	1.38E-07	2.85E-04	87.77
1.95	-257.47	1.34E-07	2.69E-04	87.731
2	-258.1	1.24E-07	2.32E-04	87.692
2.05	-258.11	1.24E-07	2.32E-04	87.653
2.1	-257.36	1.36E-07	2.75E-04	87.614
2.15	-256.77	1.45E-07	3.16E-04	87.576
2.2	-256.83	1.44E-07	3.11E-04	87.539
2.25	-257.3	1.37E-07	2.79E-04	87.502
2.3	-257.3	1.36E-07	2.79E-04	87.465
2.35	-256.95	1.42E-07	3.03E-04	87.428
2.4	-256.88	1.43E-07	3.08E-04	87.392
2.45	-256.87	1.43E-07	3.09E-04	87.356
2.5	-256.8	1.45E-07	3.14E-04	87.321
2.55	-256.78	1.45E-07	3.15E-04	87.286
2.6	-256.73	1.46E-07	3.19E-04	87.251
2.65	-256.63	1.48E-07	3.26E-04	87.217
2.7	-256.32	1.53E-07	3.50E-04	87.183
2.75	-256.2	1.55E-07	3.60E-04	87.149
2.8	-256.59	1.48E-07	3.29E-04	87.116
2.85	-256.71	1.46E-07	3.20E-04	87.083
2.9	-256.38	1.52E-07	3.45E-04	87.05
2.95	-256.37	1.52E-07	3.46E-04	87.018
3	-256.32	1.53E-07	3.50E-04	86.986
3.05	-256.19	1.55E-07	3.60E-04	86.955
3.1	-256	1.58E-07	3.77E-04	86.923
3.15	-256.09	1.57E-07	3.69E-04	86.892
3.2	-256.43	1.51E-07	3.41E-04	86.862
3.25	-256.45	1.51E-07	3.40E-04	86.831
3.3	-255.94	1.60E-07	3.82E-04	86.801
3.35	-255.74	1.63E-07	4.00E-04	86.771
3.4	-255.95	1.59E-07	3.81E-04	86.742
3.45	-256.23	1.54E-07	3.57E-04	86.713
3.5	-256.17	1.55E-07	3.62E-04	86.684
3.55	-255.99	1.59E-07	3.78E-04	86.655
3.6	-255.97	1.59E-07	3.79E-04	86.627
3.65	-256.05	1.58E-07	3.72E-04	86.599
3.7	-256.08	1.57E-07	3.70E-04	86.571
3.75	-256.02	1.58E-07	3.75E-04	86.543
3.8	-255.92	1.60E-07	3.84E-04	86.516
3.85	-255.89	1.61E-07	3.86E-04	86.489
3.9	-255.91	1.60E-07	3.85E-04	86.463
3.95	-255.9	1.60E-07	3.85E-04	86.436
4	-255.84	1.61E-07	3.91E-04	86.41
4.05	-255.87	1.61E-07	3.88E-04	86.384
4.1	-255.9	1.60E-07	3.86E-04	86.359
4.15	-255.86	1.61E-07	3.90E-04	86.333
4.2	-255.82	1.62E-07	3.93E-04	86.308
4.25	-255.84	1.62E-07	3.91E-04	86.283
4.3	-255.76	1.63E-07	3.98E-04	86.259
4.35	-255.71	1.64E-07	4.03E-04	86.234
4.4	-255.66	1.65E-07	4.07E-04	86.21
4.45	-255.72	1.64E-07	4.02E-04	86.186
4.5	-255.67	1.65E-07	4.06E-04	86.162
4.55	-255.52	1.67E-07	4.20E-04	86.139
4.6	-255.55	1.67E-07	4.18E-04	86.115
4.65	-255.61	1.66E-07	4.12E-04	86.092
4.7	-255.58	1.66E-07	4.15E-04	86.07
4.75	-255.53	1.67E-07	4.20E-04	86.047
4.8	-255.43	1.69E-07	4.30E-04	86.025
4.85	-255.38	1.70E-07	4.35E-04	86.002
4.9	-255.31	1.72E-07	4.41E-04	85.98
4.95	-255.2	1.74E-07	4.53E-04	85.959
5	-255.17	1.74E-07	4.56E-04	85.937
5.05	-255.26	1.73E-07	4.47E-04	85.916
5.1	-255.36	1.71E-07	4.37E-04	85.895
5.15	-255.39	1.70E-07	4.34E-04	85.874
5.2	-255.33	1.71E-07	4.40E-04	85.853
5.25	-255.27	1.72E-07	4.46E-04	85.832
5.3	-255.19	1.74E-07	4.54E-04	85.812
5.35	-255.13	1.75E-07	4.61E-04	85.792
5.4	-255.11	1.76E-07	4.63E-04	85.772
5.45	-255.09	1.76E-07	4.65E-04	85.752
5.5	-254.97	1.79E-07	4.78E-04	85.732
5.55	-254.93	1.79E-07	4.82E-04	85.712
5.6	-254.98	1.78E-07	4.77E-04	85.693
5.65	-255.02	1.78E-07	4.72E-04	85.674
5.7	-255	1.78E-07	4.74E-04	85.655
5.75	-254.9	1.80E-07	4.86E-04	85.636
5.8	-254.88	1.80E-07	4.87E-04	85.617
5.85	-254.95	1.79E-07	4.80E-04	85.599
5.9	-254.96	1.79E-07	4.79E-04	85.58
5.95	-254.87	1.81E-07	4.89E-04	85.562
6	-254.75	1.83E-07	5.03E-04	85.544
6.05	-254.75	1.83E-07	5.03E-04	85.526
6.1	-254.9	1.80E-07	4.86E-04	85.509
6.15	-254.97	1.78E-07	4.77E-04	85.491
6.2	-254.94	1.79E-07	4.81E-04	85.473
6.25	-254.92	1.79E-07	4.83E-04	85.456
6.3	-254.96	1.79E-07	4.79E-04	85.439
6.35	-255.07	1.76E-07	4.66E-04	85.422
6.4	-255.11	1.76E-07	4.62E-04	85.405
6.45	-255.03	1.77E-07	4.71E-04	85.388
6.5	-255.06	1.77E-07	4.68E-04	85.371
6.55	-255.17	1.74E-07	4.56E-04	85.355
6.6	-255.21	1.74E-07	4.52E-04	85.338
6.65	-255.18	1.74E-07	4.56E-04	85.322
6.7	-255.13	1.75E-07	4.61E-04	85.306
6.75	-255.17	1.74E-07	4.56E-04	85.29
6.8	-255.24	1.73E-07	4.49E-04	85.274
6.85	-255.22	1.73E-07	4.51E-04	85.258
6.9	-255.21	1.74E-07	4.52E-04	85.242
6.95	-255.21	1.74E-07	4.52E-04	85.227
7	-255.24	1.73E-07	4.49E-04	85.211
7.05	-255.35	1.71E-07	4.38E-04	85.196
7.1	-255.41	1.70E-07	4.31E-04	85.181
7.15	-255.39	1.70E-07	4.34E-04	85.166
7.2	-255.39	1.70E-07	4.34E-04	85.15
7.25	-255.43	1.69E-07	4.29E-04	85.135
7.3	-255.53	1.67E-07	4.20E-04	85.121
7.35	-255.61	1.66E-07	4.13E-04	85.106
7.4	-255.53	1.67E-07	4.19E-04	85.091
7.45	-255.53	1.67E-07	4.20E-04	85.077
7.5	-255.61	1.66E-07	4.12E-04	85.062
7.55	-255.64	1.65E-07	4.10E-04	85.048
7.6	-255.74	1.63E-07	4.00E-04	85.033
7.65	-255.91	1.60E-07	3.85E-04	85.019
7.7	-255.96	1.59E-07	3.81E-04	85.005
7.75	-255.86	1.61E-07	3.89E-04	84.991
7.8	-255.8	1.62E-07	3.95E-04	84.977
7.85	-255.87	1.61E-07	3.88E-04	84.963
7.9	-255.97	1.59E-07	3.79E-04	84.949
7.95	-255.99	1.59E-07	3.78E-04	84.935
8	-256.02	1.58E-07	3.75E-04	84.922
8.05	-256	1.59E-07	3.77E-04	84.908
8.1	-255.99	1.59E-07	3.78E-04	84.895
8.15	-256	1.59E-07	3.77E-04	84.881
8.2	-256.09	1.57E-07	3.69E-04	84.868
8.25	-256.2	1.55E-07	3.60E-04	84.854
8.3	-256.23	1.54E-07	3.58E-04	84.841
8.35	-256.22	1.55E-07	3.58E-04	84.828
8.4	-256.22	1.55E-07	3.58E-04	84.815
8.45	-256.17	1.55E-07	3.62E-04	84.802
8.5	-256.07	1.57E-07	3.71E-04	84.789
8.55	-256.05	1.58E-07	3.73E-04	84.776
8.6	-256.06	1.57E-07	3.72E-04	84.763
8.65	-256.08	1.57E-07	3.70E-04	84.75
8.7	-256.1	1.57E-07	3.69E-04	84.737
8.75	-256.04	1.58E-07	3.74E-04	84.724
8.8	-256.07	1.57E-07	3.71E-04	84.712
8.85	-256.12	1.56E-07	3.67E-04	84.699
8.9	-256.17	1.55E-07	3.62E-04	84.686
8.95	-256.05	1.58E-07	3.72E-04	84.674
9	-255.93	1.60E-07	3.83E-04	84.661
9.05	-255.94	1.60E-07	3.82E-04	84.649
9.1	-256.03	1.58E-07	3.75E-04	84.636
9.15	-256.12	1.56E-07	3.66E-04	84.624
9.2	-256.16	1.56E-07	3.63E-04	84.612
9.25	-256.22	1.55E-07	3.58E-04	84.599
9.3	-256.3	1.53E-07	3.52E-04	84.587
9.35	-256.19	1.55E-07	3.61E-04	84.575
9.4	-256.1	1.57E-07	3.68E-04	84.563
9.45	-256.07	1.57E-07	3.71E-04	84.551
9.5	-256.1	1.57E-07	3.68E-04	84.539
9.55	-256.22	1.55E-07	3.59E-04	84.527
9.6	-256.34	1.52E-07	3.49E-04	84.514
9.65	-256.39	1.52E-07	3.44E-04	84.502
9.7	-256.22	1.55E-07	3.58E-04	84.491
9.75	-256.08	1.57E-07	3.70E-04	84.479
9.8	-256.13	1.56E-07	3.65E-04	84.467
9.85	-256.26	1.54E-07	3.55E-04	84.455
9.9	-256.4	1.51E-07	3.44E-04	84.443
9.95	-256.53	1.49E-07	3.33E-04	84.431
10	-256.55	1.49E-07	3.32E-04	84.419
10.05	-256.45	1.50E-07	3.40E-04	84.408
10.1	-256.45	1.51E-07	3.40E-04	84.396
10.15	-256.53	1.49E-07	3.34E-04	84.384
10.2	-256.72	1.46E-07	3.19E-04	84.372
10.25	-256.97	1.42E-07	3.01E-04	84.361
10.3	-257.05	1.40E-07	2.96E-04	84.349
10.35	-256.96	1.42E-07	3.02E-04	84.337
10.4	-256.86	1.44E-07	3.09E-04	84.326
10.45	-256.82	1.44E-07	3.12E-04	84.314
10.5	-256.95	1.42E-07	3.03E-04	84.303
10.55	-257.14	1.39E-07	2.90E-04	84.291
10.6	-257.28	1.37E-07	2.81E-04	84.28
10.65	-257.15	1.39E-07	2.89E-04	84.268
10.7	-256.91	1.43E-07	3.06E-04	84.257
10.75	-256.89	1.43E-07	3.07E-04	84.245
10.8	-257.11	1.40E-07	2.92E-04	84.234
10.85	-257.24	1.37E-07	2.83E-04	84.222
10.9	-257.24	1.38E-07	2.84E-04	84.211
10.95	-257.14	1.39E-07	2.90E-04	84.199
11	-257.07	1.40E-07	2.95E-04	84.188
11.05	-257.08	1.40E-07	2.94E-04	84.177
11.1	-257.22	1.38E-07	2.85E-04	84.165
11.15	-257.3	1.37E-07	2.80E-04	84.154
11.2	-257.39	1.35E-07	2.74E-04	84.143
11.25	-257.6	1.32E-07	2.61E-04	84.131
11.3	-257.83	1.28E-07	2.47E-04	84.12
11.35	-257.99	1.26E-07	2.38E-04	84.109
11.4	-258.12	1.24E-07	2.32E-04	84.097
11.45	-258.04	1.25E-07	2.35E-04	84.086
11.5	-258	1.26E-07	2.38E-04	84.075
11.55	-257.95	1.27E-07	2.40E-04	84.063
11.6	-258.03	1.26E-07	2.36E-04	84.052
11.65	-258.26	1.22E-07	2.24E-04	84.041
11.7	-258.37	1.21E-07	2.18E-04	84.03
11.75	-258.42	1.20E-07	2.16E-04	84.018
11.8	-258.51	1.19E-07	2.12E-04	84.007
11.85	-258.52	1.19E-07	2.11E-04	83.996
11.9	-258.57	1.18E-07	2.09E-04	83.985
11.95	-258.72	1.16E-07	2.01E-04	83.974
12	-258.75	1.15E-07	2.00E-04	83.962
12.05	-258.65	1.17E-07	2.05E-04	83.951
12.1	-258.71	1.16E-07	2.02E-04	83.94
12.15	-259	1.12E-07	1.89E-04	83.929
12.2	-259.31	1.08E-07	1.76E-04	83.918
12.25	-259.47	1.06E-07	1.69E-04	83.907
12.3	-259.53	1.06E-07	1.67E-04	83.896
12.35	-259.47	1.06E-07	1.69E-04	83.885
12.4	-259.41	1.07E-07	1.72E-04	83.873
12.45	-259.5	1.06E-07	1.68E-04	83.862
12.5	-259.54	1.06E-07	1.67E-04	83.851
12.55	-259.55	1.05E-07	1.66E-04	83.84
12.6	-259.57	1.05E-07	1.66E-04	83.829
12.65	-259.63	1.04E-07	1.64E-04	83.818
12.7	-259.74	1.03E-07	1.59E-04	83.807
12.75	-259.93	1.01E-07	1.52E-04	83.796
12.8	-260.08	9.91E-08	1.47E-04	83.785
12.85	-260.05	9.95E-08	1.48E-04	83.774
12.9	-260.04	9.95E-08	1.49E-04	83.763
12.95	-260	1.00E-07	1.50E-04	83.752
13	-259.97	1.00E-07	1.51E-04	83.741
13.05	-260.04	9.95E-08	1.49E-04	83.73
13.1	-260.15	9.83E-08	1.45E-04	83.719
13.15	-260.22	9.75E-08	1.43E-04	83.708
13.2	-260.3	9.66E-08	1.40E-04	83.697
13.25	-260.34	9.62E-08	1.39E-04	83.686
13.3	-260.2	9.77E-08	1.43E-04	83.676
13.35	-260.13	9.85E-08	1.46E-04	83.665
13.4	-260.2	9.77E-08	1.43E-04	83.654
13.45	-260.25	9.72E-08	1.42E-04	83.643
13.5	-260.36	9.59E-08	1.38E-04	83.632
13.55	-260.44	9.50E-08	1.35E-04	83.621
13.6	-260.67	9.26E-08	1.29E-04	83.611
13.65	-260.82	9.10E-08	1.24E-04	83.6
13.7	-261	8.91E-08	1.19E-04	83.589
13.75	-261.14	8.78E-08	1.16E-04	83.578
13.8	-261.22	8.69E-08	1.13E-04	83.568
13.85	-261.29	8.62E-08	1.11E-04	83.557
13.9	-261.5	8.41E-08	1.06E-04	83.546
13.95	-261.65	8.27E-08	1.03E-04	83.536
14	-261.54	8.38E-08	1.05E-04	83.525
14.05	-261.41	8.50E-08	1.08E-04	83.514
14.1	-261.46	8.45E-08	1.07E-04	83.504
14.15	-261.53	8.38E-08	1.05E-04	83.493
14.2	-261.5	8.41E-08	1.06E-04	83.483
14.25	-261.58	8.34E-08	1.04E-04	83.472
14.3	-261.67	8.26E-08	1.02E-04	83.462
14.35	-261.6	8.32E-08	1.04E-04	83.451
14.4	-261.66	8.26E-08	1.02E-04	83.441
14.45	-261.75	8.18E-08	1.00E-04	83.431
14.5	-261.82	8.11E-08	9.87E-05	83.42
14.55	-261.74	8.18E-08	1.00E-04	83.41
14.6	-261.76	8.16E-08	1.00E-04	83.4
14.65	-261.94	8.00E-08	9.61E-05	83.389
14.7	-262.06	7.89E-08	9.33E-05	83.379
14.75	-262.15	7.81E-08	9.15E-05	83.369
14.8	-262.33	7.65E-08	8.77E-05	83.359
14.85	-262.08	7.87E-08	9.28E-05	83.349
14.9	-262	7.95E-08	9.47E-05	83.339
14.95	-261.92	8.01E-08	9.63E-05	83.329
15	-261.7	8.22E-08	1.01E-04	83.319
15.05	-261.63	8.29E-08	1.03E-04	83.309
15.1	-261.56	8.35E-08	1.05E-04	83.299
15.15	-261.5	8.41E-08	1.06E-04	83.289
15.2	-261.64	8.28E-08	1.03E-04	83.279
15.25	-261.82	8.11E-08	9.87E-05	83.27
15.3	-261.89	8.04E-08	9.70E-05	83.26
15.35	-261.98	7.96E-08	9.50E-05	83.25
15.4	-261.96	7.98E-08	9.56E-05	83.241
15.45	-261.81	8.12E-08	9.89E-05	83.231
15.5	-261.76	8.17E-08	1.00E-04	83.221
15.55	-261.77	8.16E-08	9.98E-05	83.212
15.6	-261.78	8.15E-08	9.96E-05	83.203
15.65	-261.92	8.02E-08	9.64E-05	83.193
15.7	-262.1	7.85E-08	9.24E-05	83.184
15.75	-262.22	7.75E-08	9.00E-05	83.175
15.8	-262.25	7.72E-08	8.94E-05	83.166
15.85	-262.18	7.78E-08	9.08E-05	83.157
15.9	-261.98	7.97E-08	9.52E-05	83.147
15.95	-261.84	8.10E-08	9.83E-05	83.139
16	-261.81	8.12E-08	9.89E-05	83.13
16.05	-261.9	8.03E-08	9.67E-05	83.121
16.1	-262.09	7.86E-08	9.27E-05	83.112
16.15	-262.12	7.84E-08	9.21E-05	83.103
16.2	-262.2	7.77E-08	9.05E-05	83.095
16.25	-262.38	7.61E-08	8.68E-05	83.086
16.3	-262.56	7.45E-08	8.32E-05	83.078
16.35	-262.79	7.25E-08	7.89E-05	83.069
16.4	-262.9	7.16E-08	7.70E-05	83.061
16.45	-262.98	7.09E-08	7.55E-05	83.053
16.5	-262.91	7.16E-08	7.68E-05	83.045
16.55	-262.65	7.37E-08	8.16E-05	83.037
16.6	-262.61	7.40E-08	8.22E-05	83.029
16.65	-262.67	7.35E-08	8.10E-05	83.021
16.7	-262.64	7.38E-08	8.17E-05	83.013
16.75	-262.73	7.30E-08	7.99E-05	83.005
16.8	-262.85	7.20E-08	7.78E-05	82.997
16.85	-262.84	7.21E-08	7.81E-05	82.99
16.9	-262.88	7.17E-08	7.72E-05	82.983
16.95	-262.97	7.10E-08	7.57E-05	82.975
17	-262.91	7.15E-08	7.68E-05	82.968
17.05	-262.88	7.18E-08	7.72E-05	82.961
17.1	-262.72	7.31E-08	8.02E-05	82.954
17.15	-262.78	7.26E-08	7.90E-05	82.947
17.2	-262.96	7.11E-08	7.58E-05	82.94
17.25	-262.71	7.32E-08	8.04E-05	82.933
17.3	-262.83	7.22E-08	7.82E-05	82.927
17.35	-263.05	7.04E-08	7.43E-05	82.92
17.4	-263.11	6.99E-08	7.33E-05	82.914
17.45	-263.13	6.97E-08	7.29E-05	82.908
17.5	-263.29	6.85E-08	7.04E-05	82.902
17.55	-263.3	6.84E-08	7.02E-05	82.896
17.6	-263.15	6.96E-08	7.26E-05	82.89
17.65	-262.9	7.16E-08	7.69E-05	82.884
17.7	-262.79	7.25E-08	7.89E-05	82.878
17.75	-262.8	7.24E-08	7.86E-05	82.873
17.8	-263.02	7.07E-08	7.49E-05	82.867
17.85	-263.13	6.98E-08	7.30E-05	82.862
17.9	-263.12	6.98E-08	7.31E-05	82.857
17.95	-263.06	7.03E-08	7.41E-05	82.852
18	-263.28	6.86E-08	7.05E-05	82.847
18.05	-263.32	6.82E-08	6.98E-05	82.843
18.1	-263.1	7.00E-08	7.36E-05	82.838
18.15	-262.94	7.13E-08	7.63E-05	82.834
18.2	-263.27	6.86E-08	7.07E-05	82.829
18.25	-263.19	6.92E-08	7.19E-05	82.825
18.3	-263.35	6.80E-08	6.93E-05	82.821
18.35	-263.48	6.70E-08	6.73E-05	82.818
18.4	-263.46	6.72E-08	6.76E-05	82.814
18.45	-263.3	6.84E-08	7.01E-05	82.811
18.5	-263.24	6.88E-08	7.11E-05	82.807
18.55	-263.32	6.83E-08	6.99E-05	82.804
18.6	-263.37	6.78E-08	6.90E-05	82.801
18.65	-263.41	6.75E-08	6.84E-05	82.799
18.7	-263.41	6.75E-08	6.84E-05	82.796
18.75	-263.51	6.68E-08	6.68E-05	82.794
18.8	-263.53	6.66E-08	6.65E-05	82.791
18.85	-263.61	6.60E-08	6.54E-05	82.789
18.9	-263.87	6.41E-08	6.16E-05	82.787
18.95	-264.01	6.30E-08	5.96E-05	82.786
19	-264.17	6.19E-08	5.75E-05	82.784
19.05	-264.09	6.24E-08	5.85E-05	82.783
19.1	-264.09	6.25E-08	5.85E-05	82.782
19.15	-264.12	6.22E-08	5.81E-05	82.781
19.2	-264.1	6.24E-08	5.83E-05	82.78
19.25	-264.13	6.22E-08	5.80E-05	82.78
19.3	-264.2	6.17E-08	5.71E-05	82.779
19.35	-264.02	6.30E-08	5.95E-05	82.779
19.4	-263.64	6.57E-08	6.48E-05	82.779
19.45	-263.35	6.80E-08	6.93E-05	82.78
19.5	-263.2	6.92E-08	7.18E-05	82.78
19.55	-263.21	6.91E-08	7.16E-05	82.781
19.6	-263.16	6.95E-08	7.24E-05	82.782
19.65	-263.25	6.88E-08	7.11E-05	82.783
19.7	-263.43	6.73E-08	6.80E-05	82.784
19.75	-263.62	6.59E-08	6.51E-05	82.786
19.8	-263.69	6.54E-08	6.42E-05	82.788
19.85	-263.77	6.48E-08	6.30E-05	82.79
19.9	-263.74	6.50E-08	6.34E-05	82.791
19.95	-263.6	6.61E-08	6.55E-05	82.792
20	-263.46	6.71E-08	6.76E-05	82.793
