FREQ_MHZ	GAIN_DBHIGH	PHASE_DEGHIGH	CAP_PREAMPHIGH	GAIN_DBLOW	PHASE_DEGLOW	CAP_PREAMPLOW
0.05	19.29	37.88	7.48	-0.51	25.95	6.97
0.051	19.31	37.16	7.48	-0.47	25.28	6.97
0.052	19.32	36.43	7.48	-0.43	24.6	6.97
0.053	19.34	35.74	7.48	-0.44	24.17	6.97
0.054	19.36	35.04	7.48	-0.46	23.75	6.97
0.055	19.37	34.34	7.48	-0.46	23.34	6.97
0.056	19.38	33.63	7.48	-0.45	22.92	6.97
0.057	19.39	32.92	7.48	-0.44	22.51	6.97
0.058	19.39	32.35	7.48	-0.44	22.22	6.97
0.059	19.39	31.78	7.48	-0.45	21.94	6.97
0.06	19.4	31.23	7.48	-0.45	21.55	6.97
0.061	19.4	30.7	7.48	-0.45	21.06	6.97
0.062	19.4	30.18	7.48	-0.45	20.56	6.97
0.063	19.4	29.7	7.48	-0.44	20.22	6.97
0.064	19.41	29.22	7.48	-0.43	19.87	6.97
0.065	19.41	28.73	7.48	-0.42	19.55	6.97
0.066	19.41	28.23	7.48	-0.42	19.27	6.97
0.067	19.42	27.74	7.48	-0.42	18.99	6.97
0.068	19.4	27.4	7.48	-0.44	18.76	6.97
0.069	19.39	27.05	7.48	-0.45	18.54	6.97
0.07	19.39	26.69	7.48	-0.45	18.34	6.97
0.071	19.4	26.31	7.48	-0.46	18.16	6.97
0.072	19.4	25.94	7.48	-0.46	17.97	6.97
0.073	19.41	25.6	7.48	-0.45	17.68	6.97
0.074	19.41	25.26	7.48	-0.44	17.39	6.97
0.075	19.42	24.92	7.48	-0.44	17.22	6.97
0.076	19.42	24.59	7.48	-0.45	17.12	6.97
0.077	19.42	24.27	7.48	-0.45	17	6.97
0.078	19.42	24.02	7.48	-0.46	16.71	6.97
0.079	19.42	23.76	7.48	-0.47	16.43	6.97
0.08	19.42	23.55	7.48	-0.47	16.21	6.97
0.081	19.41	23.35	7.48	-0.46	16.02	6.97
0.082	19.41	23.14	7.48	-0.45	15.84	6.97
0.083	19.42	22.88	7.48	-0.44	15.7	6.97
0.084	19.43	22.61	7.48	-0.43	15.56	6.97
0.085	19.44	22.42	7.48	-0.43	15.43	6.97
0.086	19.44	22.24	7.48	-0.44	15.29	6.97
0.087	19.45	22.05	7.48	-0.44	15.14	6.97
0.088	19.45	21.81	7.48	-0.45	14.98	6.97
0.089	19.46	21.57	7.48	-0.45	14.81	6.97
0.09	19.46	21.32	7.48	-0.44	14.66	6.97
0.091	19.47	21.07	7.48	-0.41	14.5	6.97
0.092	19.47	20.86	7.48	-0.4	14.35	6.97
0.093	19.47	20.73	7.48	-0.42	14.2	6.97
0.094	19.47	20.6	7.48	-0.44	14.05	6.97
0.095	19.48	20.36	7.48	-0.42	13.98	6.97
0.096	19.5	20.1	7.48	-0.39	13.92	6.97
0.097	19.5	19.86	7.48	-0.38	13.81	6.97
0.098	19.51	19.66	7.48	-0.39	13.61	6.97
0.099	19.51	19.46	7.48	-0.4	13.41	6.97
0.1	19.51	19.46	7.48	-0.4	13.41	6.97
0.11	19.56	17.83	7.48	-0.36	12.2	6.97
0.12	19.61	16.44	7.48	-0.33	11.09	6.97
0.13	19.64	14.93	7.48	-0.3	9.99	6.97
0.14	19.67	13.79	7.48	-0.3	9.17	6.97
0.15	19.67	12.76	7.48	-0.3	8.52	6.97
0.16	19.69	11.78	7.48	-0.3	7.75	6.97
0.17	19.7	10.92	7.48	-0.29	7.2	6.97
0.18	19.71	10.11	7.48	-0.27	6.53	6.97
0.19	19.71	9.46	7.48	-0.27	6.06	6.97
0.2	19.71	8.81	7.48	-0.28	5.69	6.97
0.21	19.73	8.2	7.48	-0.27	5.12	6.97
0.22	19.74	7.61	7.48	-0.27	4.72	6.97
0.23	19.74	6.99	7.48	-0.28	4.23	6.97
0.24	19.73	6.56	7.48	-0.28	3.97	6.97
0.25	19.74	6.15	7.48	-0.28	3.54	6.97
0.26	19.73	5.61	7.48	-0.29	3.26	6.97
0.27	19.74	5.29	7.48	-0.27	2.98	6.97
0.28	19.73	4.76	7.48	-0.27	2.66	6.97
0.29	19.73	4.47	7.48	-0.27	2.13	6.97
0.3	19.76	4.12	7.48	-0.29	1.93	6.97
0.31	19.76	3.74	7.48	-0.28	1.64	6.97
0.32	19.74	3.5	7.48	-0.27	1.37	6.97
0.33	19.76	3.01	7.48	-0.27	1.16	6.97
0.34	19.74	2.92	7.48	-0.28	0.95	6.97
0.35	19.76	2.69	7.48	-0.26	0.75	6.97
0.36	19.76	2.36	7.48	-0.27	0.67	6.97
0.37	19.77	2.2	7.48	-0.26	0.49	6.97
0.38	19.77	1.97	7.48	-0.27	0.29	6.97
0.39	19.76	1.78	7.48	-0.27	0.07	6.97
0.4	19.77	1.49	7.48	-0.26	-0.19	6.97
0.41	19.78	1.13	7.48	-0.26	-0.33	6.97
0.42	19.78	1.13	7.48	-0.26	-0.47	6.97
0.43	19.77	0.89	7.48	-0.25	-0.59	6.97
0.44	19.77	0.72	7.48	-0.27	-0.8	6.97
0.45	19.77	0.57	7.48	-0.27	-0.89	6.97
0.46	19.79	0.3	7.48	-0.24	-1.07	6.97
0.47	19.81	0.19	7.48	-0.26	-1.21	6.97
0.48	19.79	-0.05	7.48	-0.25	-1.36	6.97
0.49	19.8	-0.12	7.48	-0.25	-1.41	6.97
0.5	19.79	-0.43	7.48	-0.24	-1.58	6.97
0.51	19.79	-0.47	7.48	-0.26	-1.75	6.97
0.52	19.8	-0.82	7.48	-0.26	-1.88	6.97
0.53	19.81	-0.94	7.48	-0.24	-2.18	6.97
0.54	19.79	-1.09	7.48	-0.23	-2.16	6.97
0.55	19.8	-1.13	7.48	-0.25	-2.27	6.97
0.56	19.8	-1.39	7.48	-0.23	-2.37	6.97
0.57	19.79	-1.53	7.48	-0.23	-2.63	6.97
0.58	19.81	-1.65	7.48	-0.23	-2.79	6.97
0.59	19.8	-1.82	7.48	-0.22	-2.93	6.97
0.6	19.81	-2.01	7.48	-0.23	-2.92	6.97
0.61	19.82	-2.14	7.48	-0.23	-3.12	6.97
0.62	19.82	-2.27	7.48	-0.24	-3.26	6.97
0.63	19.82	-2.47	7.48	-0.23	-3.28	6.97
0.64	19.83	-2.58	7.48	-0.24	-3.52	6.97
0.65	19.82	-2.81	7.48	-0.23	-3.6	6.97
0.66	19.84	-2.93	7.48	-0.23	-3.79	6.97
0.67	19.84	-3.07	7.48	-0.23	-3.83	6.97
0.68	19.82	-3.14	7.48	-0.23	-3.93	6.97
0.69	19.83	-3.26	7.48	-0.22	-4.1	6.97
0.7	19.83	-3.49	7.48	-0.22	-4.23	6.97
0.71	19.83	-3.63	7.48	-0.21	-4.43	6.97
0.72	19.83	-3.62	7.48	-0.21	-4.55	6.97
0.73	19.84	-3.89	7.48	-0.22	-4.6	6.97
0.74	19.83	-3.92	7.48	-0.23	-4.63	6.97
0.75	19.85	-4.1	7.48	-0.2	-4.83	6.97
0.76	19.85	-4.21	7.48	-0.21	-4.91	6.97
0.77	19.84	-4.4	7.48	-0.21	-5.1	6.97
0.78	19.85	-4.59	7.48	-0.21	-5.21	6.97
0.79	19.86	-4.57	7.48	-0.2	-5.3	6.97
0.8	19.85	-4.78	7.48	-0.19	-5.48	6.97
0.81	19.86	-4.9	7.48	-0.2	-5.6	6.97
0.82	19.85	-4.99	7.48	-0.2	-5.72	6.97
0.83	19.86	-5.09	7.48	-0.19	-5.83	6.97
0.84	19.85	-5.19	7.48	-0.2	-5.95	6.97
0.85	19.86	-5.42	7.48	-0.19	-5.99	6.97
0.86	19.87	-5.51	7.48	-0.19	-6.11	6.97
0.87	19.88	-5.71	7.48	-0.18	-6.29	6.97
0.88	19.87	-5.82	7.48	-0.2	-6.4	6.97
0.89	19.88	-5.94	7.48	-0.19	-6.47	6.97
0.9	19.88	-6.07	7.48	-0.18	-6.6	6.97
0.91	19.87	-6.19	7.48	-0.17	-6.7	6.97
0.92	19.87	-6.25	7.48	-0.18	-6.8	6.97
0.93	19.89	-6.46	7.48	-0.2	-6.93	6.97
0.94	19.88	-6.6	7.48	-0.19	-7.03	6.97
0.95	19.87	-6.74	7.48	-0.2	-7.14	6.97
0.96	19.87	-6.84	7.48	-0.17	-7.29	6.97
0.97	19.88	-6.84	7.48	-0.18	-7.33	6.97
0.98	19.9	-7.13	7.48	-0.18	-7.46	6.97
0.99	19.89	-7.1	7.48	-0.18	-7.64	6.97
1	19.9	-7.3	7.49	-0.15	-7.64	6.98
1.1	19.91	-8.52	7.49	-0.16	-8.81	6.98
1.2	19.92	-9.73	7.49	-0.16	-9.98	6.98
1.3	19.93	-10.94	7.49	-0.16	-11.15	6.98
1.4	19.95	-12.02	7.49	-0.13	-12.18	6.98
1.5	19.96	-13.09	7.49	-0.12	-13.2	6.98
1.6	19.97	-14.15	7.49	-0.1	-14.23	6.98
1.7	19.97	-15.22	7.49	-0.09	-15.27	6.98
1.8	19.96	-16.29	7.49	-0.09	-16.32	6.98
1.9	19.96	-17.36	7.49	-0.09	-17.37	6.98
2	19.97	-18.45	7.49	-0.09	-18.38	6.98
2.1	19.97	-19.54	7.49	-0.11	-19.37	6.98
2.2	19.98	-20.64	7.49	-0.12	-20.37	6.98
2.3	19.98	-21.71	7.49	-0.12	-21.4	6.98
2.4	19.96	-22.78	7.49	-0.13	-22.44	6.98
2.5	19.95	-23.84	7.49	-0.13	-23.49	6.98
2.6	19.95	-24.89	7.49	-0.13	-24.56	6.98
2.7	19.95	-25.93	7.49	-0.13	-25.65	6.98
2.8	19.96	-26.97	7.49	-0.13	-26.74	6.98
2.9	19.95	-28	7.49	-0.14	-27.75	6.98
3	19.94	-29.01	7.49	-0.15	-28.64	6.98
3.1	19.94	-30.03	7.49	-0.17	-29.53	6.98
3.2	19.93	-31.05	7.49	-0.17	-30.45	6.98
3.3	19.92	-32.07	7.49	-0.17	-31.44	6.98
3.4	19.92	-33.08	7.49	-0.17	-32.44	6.98
3.5	19.91	-34.1	7.49	-0.16	-33.44	6.98
3.6	19.91	-35.12	7.49	-0.16	-34.46	6.98
3.7	19.9	-36.13	7.49	-0.15	-35.47	6.98
3.8	19.9	-37.14	7.49	-0.15	-36.49	6.98
3.9	19.89	-38.15	7.48	-0.16	-37.48	6.97
4	19.89	-39.16	7.48	-0.17	-38.47	6.97
4.1	19.89	-40.18	7.48	-0.18	-39.46	6.97
4.2	19.89	-41.17	7.48	-0.19	-40.39	6.97
4.3	19.89	-42.17	7.48	-0.19	-41.32	6.97
4.4	19.88	-43.17	7.48	-0.19	-42.24	6.97
4.5	19.88	-44.2	7.48	-0.2	-43.24	6.97
4.6	19.87	-45.23	7.48	-0.2	-44.24	6.97
4.7	19.87	-46.27	7.48	-0.2	-45.24	6.97
4.8	19.86	-47.27	7.48	-0.2	-46.21	6.97
4.9	19.86	-48.27	7.48	-0.2	-47.17	6.97
5	19.85	-49.26	7.48	-0.2	-48.13	6.97
5.1	19.85	-50.28	7.48	-0.2	-49.1	6.97
5.2	19.86	-51.3	7.48	-0.2	-50.08	6.97
5.3	19.86	-52.33	7.48	-0.21	-51.06	6.97
5.4	19.86	-53.35	7.48	-0.21	-52.1	6.97
5.5	19.85	-54.38	7.48	-0.2	-53.17	6.97
5.6	19.85	-55.4	7.48	-0.19	-54.24	6.97
5.7	19.84	-56.41	7.48	-0.2	-55.26	6.97
5.8	19.84	-57.42	7.48	-0.21	-56.24	6.97
5.9	19.83	-58.42	7.48	-0.23	-57.21	6.97
6	19.84	-59.43	7.48	-0.22	-58.19	6.97
6.1	19.83	-60.47	7.48	-0.23	-59.19	6.97
6.2	19.82	-61.5	7.48	-0.23	-60.19	6.97
6.3	19.82	-62.5	7.48	-0.23	-61.16	6.97
6.4	19.81	-63.41	7.48	-0.23	-62.06	6.97
6.5	19.81	-64.32	7.48	-0.24	-62.97	6.97
6.6	19.81	-65.26	7.48	-0.25	-63.89	6.97
6.7	19.82	-66.29	7.48	-0.24	-64.92	6.97
6.8	19.83	-67.32	7.48	-0.24	-65.94	6.97
6.9	19.83	-68.35	7.48	-0.24	-66.96	6.97
7	19.82	-69.33	7.48	-0.23	-67.98	6.97
7.1	19.81	-70.31	7.48	-0.23	-69.01	6.97
7.2	19.81	-71.29	7.48	-0.23	-70.03	6.97
7.3	19.8	-72.35	7.48	-0.24	-71.02	6.97
7.4	19.8	-73.41	7.48	-0.25	-72.01	6.97
7.5	19.79	-74.47	7.48	-0.26	-72.99	6.97
7.6	19.77	-75.48	7.48	-0.28	-73.97	6.97
7.7	19.76	-76.5	7.48	-0.28	-74.94	6.97
7.8	19.75	-77.51	7.48	-0.29	-75.92	6.97
7.9	19.75	-78.5	7.48	-0.3	-76.91	6.97
8	19.75	-79.48	7.48	-0.31	-77.91	6.97
8.1	19.75	-80.47	7.48	-0.32	-78.91	6.97
8.2	19.75	-81.46	7.48	-0.32	-79.9	6.97
8.3	19.75	-82.47	7.48	-0.31	-80.88	6.97
8.4	19.75	-83.47	7.48	-0.31	-81.87	6.97
8.5	19.75	-84.48	7.48	-0.31	-82.84	6.97
8.6	19.74	-85.51	7.48	-0.33	-83.8	6.97
8.7	19.73	-86.53	7.48	-0.34	-84.76	6.97
8.8	19.72	-87.54	7.48	-0.34	-85.74	6.97
8.9	19.72	-88.54	7.48	-0.33	-86.73	6.97
9	19.72	-89.53	7.48	-0.32	-87.73	6.97
9.1	19.72	-90.54	7.48	-0.31	-88.75	6.97
9.2	19.71	-91.56	7.48	-0.31	-89.8	6.97
9.3	19.7	-92.59	7.48	-0.32	-90.86	6.97
9.4	19.69	-93.62	7.48	-0.33	-91.89	6.97
9.5	19.68	-94.68	7.48	-0.35	-92.87	6.97
9.6	19.68	-95.74	7.48	-0.37	-93.85	6.97
9.7	19.67	-96.69	7.48	-0.39	-94.74	6.97
9.8	19.67	-97.2	7.48	-0.38	-95.25	6.97
9.9	19.66	-97.71	7.48	-0.37	-95.76	6.97
10	19.66	-98.32	7.48	-0.36	-96.37	6.97
11	19.6	-110.08	7.47	-0.41	-108.01	6.96
12	19.55	-120.49	7.47	-0.47	-118.17	6.96
13	19.51	-131.03	7.47	-0.48	-128.59	6.96
14	19.43	-141.74	7.47	-0.57	-139.12	6.96
15	19.36	-152.6	7.47	-0.61	-149.69	6.96
16	19.3	-163.6	7.47	-0.67	-160.52	6.96
17	19.2	-174.72	7.46	-0.76	-171.59	6.95
18	19.12	-186.12	7.46	-0.83	-182.78	6.95
19	19.02	-197.68	7.46	-0.91	-194.21	6.95
20	18.96	-209.67	7.46	-0.96	-205.91	6.95
21	18.88	-222.13	7.46	-1.04	-218.32	6.95
22	18.8	-235.1	7.46	-1.11	-231.23	6.95
23	18.68	-249.01	7.45	-1.22	-244.79	6.94
24	18.52	-264.03	7.45	-1.37	-259.72	6.94
25	18.2	-280.07	7.45	-1.66	-275.64	6.94
26	17.67	-297.31	7.45	-2.19	-292.54	6.94
27	16.79	-314.91	7.43	-3.05	-310.24	6.93
28	15.59	-332.29	7.39	-4.26	-327.42	6.92
29	14.04	-348.36	7.4	-5.78	-343.42	6.92
30	12.28	-362.82	7.41	-7.52	-357.83	6.93
31	10.39	-375.59	7.43	-9.41	-370.41	6.93
32	8.45	-386.47	7.44	-11.3	-381.34	6.93
33	6.52	-396.08	7.45	-13.25	-390.72	6.93
34	4.62	-404.39	7.48	-15.14	-399.07	6.93
35	2.74	-411.8	7.49	-17	-406.42	6.93
36	0.93	-418.61	7.5	-18.83	-412.98	6.93
37	-0.87	-424.54	7.52	-20.62	-419.04	6.94
38	-2.7	-430.07	7.52	-22.42	-424.16	6.94
39	-4.47	-434.74	7.53	-24.18	-429.13	6.94
40	-6.26	-439.5	7.54	-25.96	-433.54	6.93
41	-8.1	-443.37	7.55	-27.76	-437.03	6.93
42	-9.98	-447.27	7.56	-29.66	-441.06	6.94
43	-12.01	-450.42	7.57	-31.73	-443.7	6.94
44	-14.08	-452.75	7.58	-33.77	-446.52	6.94
45	-16.39	-454.52	7.59	-36.03	-447.48	6.94
46	-19.03	-454.93	7.6	-38.35	-448.38	6.94
47	-22.07	-452.91	7.61	-41.52	-446.93	6.94
48	-25.76	-445.34	7.63	-45.89	-441.47	6.95
49	-30.1	-424.15	7.63	-49.91	-412.64	6.94
50	-31.72	-382.19	7.64	-50.65	-376.14	6.95
51	-28.98	-351.5	7.65	-48.43	-341.89	6.94
52	-26.09	-339.34	7.66	-45.6	-332.46	6.95
53	-23.84	-335.5	7.66	-43.5	-325.75	6.95
54	-22.2	-334.06	7.68	-42.06	-327.38	6.95
55	-20.95	-334.51	7.68	-40.38	-327.71	6.95
56	-19.92	-335.6	7.69	-39.63	-329.49	6.95
57	-19.11	-337	7.7	-38.4	-328.34	6.95
58	-18.39	-338.72	7.71	-37.9	-332.67	6.95
59	-17.82	-340.78	7.71	-37.39	-334.11	6.96
60	-17.28	-342.87	7.72	-37	-333.84	6.96
61	-16.85	-344.98	7.73	-36.32	-336.36	6.96
62	-16.45	-347.16	7.73	-35.99	-339.29	6.96
63	-16.13	-349.48	7.74	-35.71	-339.58	6.96
64	-15.82	-351.87	7.75	-35.32	-343.67	6.96
65	-15.54	-353.98	7.75	-35.06	-345.86	6.96
66	-15.29	-356.25	7.76	-34.64	-347.8	6.96
67	-15.1	-358.45	7.76	-34.6	-349.37	6.96
68	-14.88	-360.72	7.77	-34.34	-351.76	6.96
69	-14.71	-362.83	7.78	-34.15	-353.14	6.96
70	-14.53	-365.15	7.79	-34.02	-355.51	6.96
71	-14.38	-367.33	7.8	-33.7	-358.55	6.97
72	-14.22	-369.63	7.8	-33.69	-359.26	6.96
73	-14.1	-371.72	7.81	-33.5	-361.95	6.97
74	-13.98	-373.77	7.82	-33.34	-364.51	6.97
75	-13.88	-375.92	7.83	-33.28	-366.11	6.97
76	-13.78	-378.11	7.84	-33.07	-367.29	6.98
77	-13.69	-380.14	7.85	-32.88	-370.02	6.98
78	-13.59	-382.46	7.86	-32.92	-372.12	6.98
79	-13.54	-384.45	7.86	-32.87	-374.4	6.98
80	-13.46	-386.46	7.87	-32.66	-376.64	6.98
81	-13.39	-388.55	7.88	-32.72	-378.14	6.99
82	-13.31	-390.62	7.89	-32.57	-380.16	6.99
83	-13.25	-392.67	7.89	-32.48	-381.97	6.99
84	-13.21	-394.77	7.91	-32.49	-383.73	6.99
85	-13.15	-396.51	7.91	-32.22	-385.22	6.99
86	-13.14	-398.61	7.92	-32.29	-387.92	6.99
87	-13.08	-400.7	7.93	-32.22	-390.01	7
88	-13.03	-402.48	7.94	-32.18	-391.72	7
89	-13.01	-404.46	7.95	-32.21	-393.55	7
90	-12.97	-406.54	7.96	-32.09	-395.8	7
91	-12.96	-408.31	7.96	-32	-397.11	7
92	-12.94	-409.98	7.97	-31.96	-398.77	7.01
93	-12.9	-411.94	7.99	-31.91	-400.97	7.01
94	-12.9	-414.03	8	-31.99	-401.75	7.02
95	-12.88	-415.71	8.01	-32.04	-404.71	7.02
96	-12.89	-417.56	8.01	-31.91	-406	7.02
97	-12.87	-419.37	8.02	-31.83	-407.59	7.02
98	-12.85	-420.93	8.03	-31.87	-408.72	7.02
99	-12.84	-422.8	8.04	-31.84	-410.48	7.02
100	-12.84	-424.6	8.05	-31.77	-412.41	7.02
