FREQ_MHz	SENS_DB	SENS_VPERPA	SENS_V2CM2PERW	CAP_PF
1	-274.15	0.00000001962	0.0000057720	60.208
1.05	-274.52	0.00000001880	0.0000053030	60.178
1.1	-274.16	0.00000001959	0.0000057580	60.148
1.15	-274.3	0.00000001929	0.0000055790	60.119
1.2	-273.99	0.00000001997	0.0000059810	60.09
1.25	-274.09	0.00000001975	0.0000058480	60.062
1.3	-274.35	0.00000001917	0.0000055150	60.033
1.35	-274.14	0.00000001963	0.0000057790	60.005
1.4	-273.76	0.00000002051	0.0000063070	59.977
1.45	-273.74	0.00000002056	0.0000063420	59.95
1.5	-274.24	0.00000001941	0.0000056540	59.922
1.55	-273.78	0.00000002045	0.0000062750	59.895
1.6	-273.28	0.00000002168	0.0000070510	59.868
1.65	-273.63	0.00000002082	0.0000065020	59.841
1.7	-273.43	0.00000002130	0.0000068030	59.815
1.75	-272.78	0.00000002297	0.0000079120	59.788
1.8	-273.24	0.00000002178	0.0000071150	59.762
1.85	-272.86	0.00000002274	0.0000077550	59.736
1.9	-273	0.00000002239	0.0000075180	59.711
1.95	-272.62	0.00000002340	0.0000082140	59.685
2	-272.57	0.00000002351	0.0000082940	59.66
2.05	-273	0.00000002239	0.0000075210	59.635
2.1	-272.11	0.00000002481	0.0000092360	59.61
2.15	-272.29	0.00000002429	0.0000088520	59.585
2.2	-272.42	0.00000002393	0.0000085900	59.561
2.25	-271.99	0.00000002514	0.0000094830	59.537
2.3	-272.03	0.00000002503	0.0000094010	59.513
2.35	-271.92	0.00000002535	0.0000096410	59.489
2.4	-271.48	0.00000002668	0.0000106800	59.465
2.45	-271.71	0.00000002596	0.0000101100	59.442
2.5	-271.34	0.00000002709	0.0000110100	59.419
2.55	-271.22	0.00000002748	0.0000113300	59.396
2.6	-271.48	0.00000002667	0.0000106700	59.373
2.65	-271.31	0.00000002720	0.0000111000	59.35
2.7	-271.08	0.00000002794	0.0000117100	59.328
2.75	-271.08	0.00000002793	0.0000117000	59.306
2.8	-270.95	0.00000002834	0.0000120500	59.284
2.85	-270.75	0.00000002901	0.0000126200	59.262
2.9	-270.66	0.00000002931	0.0000128900	59.24
2.95	-270.46	0.00000002998	0.0000134800	59.219
3	-270.45	0.00000003003	0.0000135300	59.197
3.05	-270.34	0.00000003040	0.0000138600	59.176
3.1	-270.31	0.00000003052	0.0000139700	59.155
3.15	-270.12	0.00000003119	0.0000145900	59.134
3.2	-270.15	0.00000003110	0.0000145100	59.114
3.25	-269.97	0.00000003173	0.0000151000	59.093
3.3	-269.84	0.00000003220	0.0000155600	59.073
3.35	-269.8	0.00000003237	0.0000157200	59.053
3.4	-269.78	0.00000003244	0.0000157900	59.033
3.45	-269.62	0.00000003302	0.0000163600	59.013
3.5	-269.55	0.00000003330	0.0000166400	58.993
3.55	-269.47	0.00000003360	0.0000169400	58.974
3.6	-269.43	0.00000003377	0.0000171000	58.954
3.65	-269.37	0.00000003401	0.0000173500	58.935
3.7	-269.27	0.00000003441	0.0000177600	58.916
3.75	-269.32	0.00000003421	0.0000175500	58.897
3.8	-269.26	0.00000003442	0.0000177700	58.878
3.85	-269.19	0.00000003470	0.0000180600	58.86
3.9	-269.23	0.00000003456	0.0000179100	58.841
3.95	-269.13	0.00000003497	0.0000183400	58.823
4	-269.09	0.00000003511	0.0000184900	58.805
4.05	-269.07	0.00000003520	0.0000185800	58.787
4.1	-269	0.00000003549	0.0000188900	58.769
4.15	-269.05	0.00000003527	0.0000186600	58.751
4.2	-268.99	0.00000003550	0.0000189100	58.734
4.25	-268.91	0.00000003584	0.0000192700	58.716
4.3	-268.92	0.00000003582	0.0000192500	58.699
4.35	-268.83	0.00000003619	0.0000196500	58.682
4.4	-268.81	0.00000003627	0.0000197400	58.665
4.45	-268.8	0.00000003629	0.0000197600	58.648
4.5	-268.77	0.00000003644	0.0000199200	58.631
4.55	-268.81	0.00000003625	0.0000197100	58.614
4.6	-268.89	0.00000003594	0.0000193800	58.598
4.65	-268.86	0.00000003608	0.0000195200	58.581
4.7	-268.84	0.00000003616	0.0000196100	58.565
4.75	-268.84	0.00000003612	0.0000195700	58.549
4.8	-268.88	0.00000003600	0.0000194300	58.532
4.85	-268.87	0.00000003601	0.0000194500	58.516
4.9	-268.96	0.00000003565	0.0000190700	58.501
4.95	-268.97	0.00000003562	0.0000190300	58.485
5	-268.96	0.00000003564	0.0000190500	58.469
5.05	-268.96	0.00000003566	0.0000190800	58.454
5.1	-268.9	0.00000003589	0.0000193200	58.438
5.15	-268.92	0.00000003579	0.0000192200	58.423
5.2	-268.91	0.00000003585	0.0000192800	58.408
5.25	-268.86	0.00000003607	0.0000195100	58.393
5.3	-268.9	0.00000003588	0.0000193100	58.378
5.35	-268.95	0.00000003569	0.0000191000	58.363
5.4	-268.9	0.00000003588	0.0000193100	58.348
5.45	-268.94	0.00000003572	0.0000191300	58.334
5.5	-268.91	0.00000003584	0.0000192600	58.319
5.55	-268.9	0.00000003589	0.0000193200	58.304
5.6	-268.88	0.00000003597	0.0000194100	58.29
5.65	-268.97	0.00000003558	0.0000189900	58.276
5.7	-269	0.00000003548	0.0000188800	58.262
5.75	-269.02	0.00000003540	0.0000188000	58.248
5.8	-269.08	0.00000003515	0.0000185400	58.234
5.85	-269.08	0.00000003514	0.0000185200	58.22
5.9	-269.09	0.00000003512	0.0000185000	58.206
5.95	-269.15	0.00000003488	0.0000182500	58.192
6	-269.21	0.00000003465	0.0000180100	58.178
6.05	-269.2	0.00000003468	0.0000180400	58.165
6.1	-269.3	0.00000003428	0.0000176300	58.151
6.15	-269.31	0.00000003424	0.0000175900	58.138
6.2	-269.27	0.00000003441	0.0000177600	58.125
6.25	-269.29	0.00000003433	0.0000176800	58.111
6.3	-269.3	0.00000003428	0.0000176300	58.098
6.35	-269.29	0.00000003433	0.0000176800	58.085
6.4	-269.28	0.00000003437	0.0000177200	58.072
6.45	-269.26	0.00000003445	0.0000178000	58.059
6.5	-269.33	0.00000003415	0.0000175000	58.046
6.55	-269.35	0.00000003409	0.0000174300	58.034
6.6	-269.41	0.00000003386	0.0000171900	58.021
6.65	-269.39	0.00000003391	0.0000172500	58.008
6.7	-269.37	0.00000003399	0.0000173300	57.996
6.75	-269.39	0.00000003393	0.0000172700	57.983
6.8	-269.42	0.00000003382	0.0000171600	57.971
6.85	-269.37	0.00000003400	0.0000173400	57.958
6.9	-269.37	0.00000003400	0.0000173400	57.946
6.95	-269.35	0.00000003406	0.0000174000	57.934
7	-269.38	0.00000003396	0.0000173000	57.922
7.05	-269.36	0.00000003404	0.0000173800	57.91
7.1	-269.34	0.00000003414	0.0000174800	57.898
7.15	-269.35	0.00000003406	0.0000174000	57.886
7.2	-269.37	0.00000003399	0.0000173300	57.874
7.25	-269.39	0.00000003392	0.0000172600	57.862
7.3	-269.35	0.00000003406	0.0000174100	57.85
7.35	-269.33	0.00000003416	0.0000175100	57.838
7.4	-269.37	0.00000003402	0.0000173600	57.826
7.45	-269.32	0.00000003421	0.0000175600	57.815
7.5	-269.3	0.00000003427	0.0000176200	57.803
7.55	-269.29	0.00000003431	0.0000176600	57.792
7.6	-269.29	0.00000003431	0.0000176500	57.78
7.65	-269.3	0.00000003428	0.0000176300	57.769
7.7	-269.26	0.00000003443	0.0000177800	57.757
7.75	-269.21	0.00000003462	0.0000179800	57.746
7.8	-269.15	0.00000003486	0.0000182300	57.735
7.85	-269.12	0.00000003498	0.0000183500	57.723
7.9	-269.1	0.00000003507	0.0000184400	57.712
7.95	-269.08	0.00000003516	0.0000185400	57.701
8	-269.09	0.00000003510	0.0000184800	57.69
8.05	-269.1	0.00000003507	0.0000184500	57.679
8.1	-269.09	0.00000003510	0.0000184800	57.668
8.15	-269.1	0.00000003508	0.0000184600	57.657
8.2	-269.06	0.00000003524	0.0000186300	57.646
8.25	-269.01	0.00000003544	0.0000188400	57.635
8.3	-268.99	0.00000003551	0.0000189100	57.624
8.35	-269	0.00000003550	0.0000189000	57.613
8.4	-269.02	0.00000003541	0.0000188100	57.602
8.45	-269.01	0.00000003546	0.0000188600	57.591
8.5	-268.97	0.00000003559	0.0000190000	57.581
8.55	-268.92	0.00000003580	0.0000192200	57.57
8.6	-268.89	0.00000003594	0.0000193700	57.559
8.65	-268.85	0.00000003610	0.0000195500	57.548
8.7	-268.82	0.00000003621	0.0000196700	57.538
8.75	-268.82	0.00000003621	0.0000196700	57.527
8.8	-268.83	0.00000003617	0.0000196200	57.517
8.85	-268.83	0.00000003620	0.0000196600	57.506
8.9	-268.79	0.00000003635	0.0000198200	57.496
8.95	-268.84	0.00000003616	0.0000196100	57.485
9	-268.87	0.00000003600	0.0000194400	57.475
9.05	-268.88	0.00000003598	0.0000194200	57.464
9.1	-268.86	0.00000003608	0.0000195200	57.454
9.15	-268.92	0.00000003579	0.0000192200	57.443
9.2	-268.94	0.00000003575	0.0000191700	57.433
9.25	-268.96	0.00000003563	0.0000190400	57.423
9.3	-268.95	0.00000003569	0.0000191100	57.412
9.35	-268.96	0.00000003564	0.0000190500	57.402
9.4	-268.98	0.00000003554	0.0000189500	57.392
9.45	-268.98	0.00000003557	0.0000189800	57.382
9.5	-269	0.00000003548	0.0000188800	57.371
9.55	-269.01	0.00000003546	0.0000188600	57.361
9.6	-268.99	0.00000003554	0.0000189400	57.351
9.65	-269.01	0.00000003543	0.0000188300	57.341
9.7	-269.01	0.00000003546	0.0000188600	57.331
9.75	-268.96	0.00000003565	0.0000190600	57.32
9.8	-269	0.00000003550	0.0000189000	57.31
9.85	-268.96	0.00000003564	0.0000190500	57.3
9.9	-268.98	0.00000003555	0.0000189600	57.29
9.95	-268.96	0.00000003563	0.0000190400	57.28
10	-268.87	0.00000003603	0.0000194700	57.27
10.05	-268.79	0.00000003634	0.0000198100	57.26
10.1	-268.76	0.00000003647	0.0000199600	57.25
10.15	-268.75	0.00000003653	0.0000200200	57.24
10.2	-268.77	0.00000003645	0.0000199200	57.23
10.25	-268.75	0.00000003653	0.0000200100	57.22
10.3	-268.84	0.00000003616	0.0000196100	57.21
10.35	-268.84	0.00000003615	0.0000196000	57.2
10.4	-268.87	0.00000003603	0.0000194700	57.19
10.45	-268.92	0.00000003581	0.0000192400	57.18
10.5	-268.91	0.00000003583	0.0000192600	57.17
10.55	-268.93	0.00000003577	0.0000191900	57.16
10.6	-268.92	0.00000003580	0.0000192200	57.15
10.65	-268.92	0.00000003583	0.0000192500	57.14
10.7	-268.89	0.00000003591	0.0000193500	57.13
10.75	-268.88	0.00000003599	0.0000194300	57.12
10.8	-268.85	0.00000003608	0.0000195300	57.11
10.85	-268.84	0.00000003614	0.0000195900	57.1
10.9	-268.83	0.00000003619	0.0000196400	57.09
10.95	-268.8	0.00000003632	0.0000197900	57.08
11	-268.81	0.00000003627	0.0000197300	57.07
11.05	-268.85	0.00000003608	0.0000195300	57.06
11.1	-268.82	0.00000003621	0.0000196600	57.05
11.15	-268.8	0.00000003629	0.0000197600	57.04
11.2	-268.75	0.00000003650	0.0000199800	57.031
11.25	-268.8	0.00000003633	0.0000197900	57.021
11.3	-268.73	0.00000003660	0.0000200900	57.011
11.35	-268.69	0.00000003678	0.0000202900	57.001
11.4	-268.74	0.00000003657	0.0000200600	56.991
11.45	-268.74	0.00000003655	0.0000200400	56.981
11.5	-268.74	0.00000003657	0.0000200600	56.971
11.55	-268.73	0.00000003660	0.0000201000	56.961
11.6	-268.71	0.00000003668	0.0000201800	56.951
11.65	-268.69	0.00000003678	0.0000203000	56.941
11.7	-268.66	0.00000003688	0.0000204000	56.931
11.75	-268.64	0.00000003699	0.0000205200	56.922
11.8	-268.64	0.00000003700	0.0000205300	56.912
11.85	-268.65	0.00000003695	0.0000204800	56.902
11.9	-268.64	0.00000003697	0.0000205000	56.892
11.95	-268.71	0.00000003668	0.0000201800	56.882
12	-268.68	0.00000003682	0.0000203400	56.872
12.05	-268.72	0.00000003665	0.0000201500	56.862
12.1	-268.67	0.00000003684	0.0000203500	56.852
12.15	-268.62	0.00000003707	0.0000206200	56.842
12.2	-268.62	0.00000003708	0.0000206200	56.832
12.25	-268.67	0.00000003687	0.0000203900	56.822
12.3	-268.65	0.00000003694	0.0000204700	56.812
12.35	-268.57	0.00000003727	0.0000208300	56.802
12.4	-268.5	0.00000003758	0.0000211900	56.792
12.45	-268.45	0.00000003782	0.0000214500	56.782
12.5	-268.37	0.00000003814	0.0000218200	56.772
12.55	-268.39	0.00000003805	0.0000217200	56.762
12.6	-268.34	0.00000003827	0.0000219700	56.752
12.65	-268.33	0.00000003832	0.0000220200	56.743
12.7	-268.35	0.00000003823	0.0000219200	56.733
12.75	-268.35	0.00000003824	0.0000219400	56.723
12.8	-268.3	0.00000003846	0.0000221900	56.713
12.85	-268.32	0.00000003838	0.0000221000	56.703
12.9	-268.31	0.00000003843	0.0000221500	56.693
12.95	-268.3	0.00000003847	0.0000222000	56.683
13	-268.34	0.00000003827	0.0000219700	56.672
13.05	-268.38	0.00000003811	0.0000217900	56.662
13.1	-268.35	0.00000003825	0.0000219500	56.652
13.15	-268.36	0.00000003820	0.0000218800	56.642
13.2	-268.34	0.00000003828	0.0000219800	56.632
13.25	-268.34	0.00000003828	0.0000219800	56.622
13.3	-268.32	0.00000003839	0.0000221100	56.612
13.35	-268.27	0.00000003861	0.0000223600	56.602
13.4	-268.19	0.00000003895	0.0000227500	56.592
13.45	-268.21	0.00000003886	0.0000226600	56.582
13.5	-268.18	0.00000003898	0.0000228000	56.572
13.55	-268.18	0.00000003898	0.0000228000	56.562
13.6	-268.2	0.00000003892	0.0000227200	56.552
13.65	-268.19	0.00000003893	0.0000227400	56.542
13.7	-268.12	0.00000003925	0.0000231100	56.532
13.75	-268.12	0.00000003928	0.0000231500	56.521
13.8	-268.13	0.00000003922	0.0000230700	56.511
13.85	-268.15	0.00000003913	0.0000229700	56.501
13.9	-268.18	0.00000003898	0.0000228000	56.491
13.95	-268.2	0.00000003890	0.0000227000	56.481
14	-268.19	0.00000003894	0.0000227400	56.471
14.05	-268.15	0.00000003913	0.0000229700	56.461
14.1	-268.08	0.00000003947	0.0000233700	56.451
14.15	-268.01	0.00000003977	0.0000237200	56.44
14.2	-267.96	0.00000004002	0.0000240200	56.43
14.25	-267.92	0.00000004020	0.0000242300	56.42
14.3	-267.89	0.00000004034	0.0000244100	56.41
14.35	-267.85	0.00000004051	0.0000246100	56.4
14.4	-267.81	0.00000004070	0.0000248400	56.39
14.45	-267.77	0.00000004088	0.0000250700	56.379
14.5	-267.76	0.00000004093	0.0000251300	56.369
14.55	-267.86	0.00000004045	0.0000245400	56.359
14.6	-267.75	0.00000004099	0.0000252100	56.349
14.65	-267.69	0.00000004126	0.0000255300	56.339
14.7	-267.67	0.00000004137	0.0000256700	56.329
14.75	-267.62	0.00000004159	0.0000259400	56.318
14.8	-267.58	0.00000004177	0.0000261700	56.308
14.85	-267.57	0.00000004185	0.0000262700	56.298
14.9	-267.58	0.00000004179	0.0000261900	56.288
14.95	-267.59	0.00000004174	0.0000261300	56.278
15	-267.57	0.00000004182	0.0000262400	56.267
15.05	-267.57	0.00000004185	0.0000262800	56.257
15.1	-267.58	0.00000004177	0.0000261700	56.247
15.15	-267.62	0.00000004161	0.0000259700	56.237
15.2	-267.62	0.00000004157	0.0000259200	56.227
15.25	-267.62	0.00000004157	0.0000259200	56.216
15.3	-267.65	0.00000004143	0.0000257500	56.206
15.35	-267.62	0.00000004160	0.0000259600	56.196
15.4	-267.56	0.00000004187	0.0000262900	56.186
15.45	-267.5	0.00000004217	0.0000266700	56.176
15.5	-267.48	0.00000004224	0.0000267700	56.165
15.55	-267.48	0.00000004226	0.0000267900	56.155
15.6	-267.49	0.00000004223	0.0000267500	56.145
15.65	-267.46	0.00000004239	0.0000269500	56.135
15.7	-267.43	0.00000004251	0.0000271100	56.125
15.75	-267.41	0.00000004262	0.0000272400	56.114
15.8	-267.38	0.00000004273	0.0000273900	56.104
15.85	-267.35	0.00000004289	0.0000275900	56.094
15.9	-267.31	0.00000004310	0.0000278600	56.084
15.95	-267.23	0.00000004351	0.0000284000	56.074
16	-267.22	0.00000004356	0.0000284600	56.064
16.05	-267.22	0.00000004356	0.0000284700	56.054
16.1	-267.2	0.00000004364	0.0000285700	56.043
16.15	-267.23	0.00000004348	0.0000283600	56.033
16.2	-267.23	0.00000004349	0.0000283700	56.023
16.25	-267.17	0.00000004382	0.0000288000	56.013
16.3	-267.18	0.00000004374	0.0000287000	56.003
16.35	-267.2	0.00000004363	0.0000285500	55.993
16.4	-267.21	0.00000004362	0.0000285400	55.983
16.45	-267.21	0.00000004360	0.0000285100	55.973
16.5	-267.22	0.00000004356	0.0000284600	55.963
16.55	-267.23	0.00000004350	0.0000283800	55.953
16.6	-267.26	0.00000004336	0.0000282000	55.943
16.65	-267.26	0.00000004336	0.0000282100	55.933
16.7	-267.2	0.00000004364	0.0000285600	55.923
16.75	-267.19	0.00000004371	0.0000286600	55.913
16.8	-267.18	0.00000004376	0.0000287300	55.903
16.85	-267.15	0.00000004392	0.0000289400	55.893
16.9	-267.12	0.00000004406	0.0000291100	55.883
16.95	-267.11	0.00000004411	0.0000291900	55.873
17	-267.15	0.00000004389	0.0000289000	55.863
17.05	-267.23	0.00000004350	0.0000283800	55.853
17.1	-267.33	0.00000004299	0.0000277200	55.843
17.15	-267.21	0.00000004358	0.0000284900	55.833
17.2	-267.09	0.00000004421	0.0000293200	55.823
17.25	-266.95	0.00000004492	0.0000302700	55.814
17.3	-266.91	0.00000004512	0.0000305300	55.804
17.35	-266.89	0.00000004523	0.0000306800	55.794
17.4	-266.84	0.00000004549	0.0000310500	55.784
17.45	-266.79	0.00000004578	0.0000314400	55.775
17.5	-266.73	0.00000004608	0.0000318500	55.765
17.55	-266.64	0.00000004655	0.0000325100	55.755
17.6	-266.57	0.00000004693	0.0000330300	55.745
17.65	-266.53	0.00000004715	0.0000333500	55.736
17.7	-266.52	0.00000004720	0.0000334100	55.726
17.75	-266.53	0.00000004716	0.0000333600	55.717
17.8	-266.56	0.00000004698	0.0000331100	55.707
17.85	-266.6	0.00000004675	0.0000327800	55.698
17.9	-266.65	0.00000004649	0.0000324100	55.688
17.95	-266.63	0.00000004661	0.0000325800	55.679
18	-266.59	0.00000004680	0.0000328600	55.669
18.05	-266.58	0.00000004691	0.0000330000	55.66
18.1	-266.52	0.00000004718	0.0000334000	55.651
18.15	-266.45	0.00000004758	0.0000339600	55.641
18.2	-266.38	0.00000004798	0.0000345300	55.632
18.25	-266.3	0.00000004843	0.0000351800	55.623
18.3	-266.19	0.00000004904	0.0000360700	55.613
18.35	-266.13	0.00000004938	0.0000365800	55.604
18.4	-266.1	0.00000004953	0.0000368000	55.595
18.45	-266.09	0.00000004961	0.0000369100	55.586
18.5	-266.07	0.00000004972	0.0000370700	55.577
18.55	-266.01	0.00000005004	0.0000375700	55.568
18.6	-265.97	0.00000005030	0.0000379500	55.559
18.65	-265.95	0.00000005043	0.0000381400	55.55
18.7	-265.89	0.00000005077	0.0000386700	55.541
18.75	-265.82	0.00000005118	0.0000392900	55.532
18.8	-265.82	0.00000005119	0.0000393100	55.524
18.85	-265.8	0.00000005126	0.0000394200	55.515
18.9	-265.75	0.00000005157	0.0000398900	55.506
18.95	-265.71	0.00000005180	0.0000402400	55.497
19	-265.69	0.00000005197	0.0000405100	55.489
19.05	-265.72	0.00000005178	0.0000402100	55.48
19.1	-265.76	0.00000005152	0.0000398100	55.472
19.15	-265.76	0.00000005154	0.0000398500	55.463
19.2	-265.75	0.00000005157	0.0000398900	55.455
19.25	-265.75	0.00000005160	0.0000399300	55.447
19.3	-265.76	0.00000005155	0.0000398600	55.438
19.35	-265.78	0.00000005138	0.0000396000	55.43
19.4	-265.8	0.00000005130	0.0000394800	55.422
19.45	-265.81	0.00000005125	0.0000394000	55.414
19.5	-265.74	0.00000005164	0.0000400100	55.406
19.55	-265.67	0.00000005209	0.0000406900	55.398
19.6	-265.56	0.00000005271	0.0000416800	55.39
19.65	-265.49	0.00000005313	0.0000423500	55.382
19.7	-265.48	0.00000005322	0.0000424900	55.374
19.75	-265.47	0.00000005326	0.0000425500	55.366
19.8	-265.47	0.00000005327	0.0000425700	55.359
19.85	-265.48	0.00000005321	0.0000424800	55.351
19.9	-265.5	0.00000005312	0.0000423200	55.343
19.95	-265.49	0.00000005315	0.0000423800	55.336
20	-265.48	0.00000005322	0.0000424900	55.329
