FREQ_MHz	SENS_DB	SENS_VPERPA	SENS_V2CM2PERW	CAP_PF
0.25	-253.92	2.01E-07	6.08E-04	201.053
0.3	-252.42	2.39E-07	8.59E-04	200.854
0.35	-252.17	2.46E-07	9.10E-04	200.66
0.4	-251.5	2.66E-07	1.06E-03	200.473
0.45	-251.05	2.80E-07	1.18E-03	200.29
0.5	-250.96	2.83E-07	1.20E-03	200.114
0.55	-250.92	2.84E-07	1.21E-03	199.943
0.6	-250.86	2.86E-07	1.23E-03	199.778
0.65	-251.02	2.81E-07	1.19E-03	199.618
0.7	-251.17	2.76E-07	1.15E-03	199.463
0.75	-251.38	2.70E-07	1.09E-03	199.313
0.8	-251.6	2.63E-07	1.04E-03	199.169
0.85	-251.95	2.53E-07	9.58E-04	199.03
0.9	-252.18	2.46E-07	9.07E-04	198.896
0.95	-252.61	2.34E-07	8.23E-04	198.767
1	-253.02	2.23E-07	7.48E-04	198.643
1.05	-253.64	2.08E-07	6.49E-04	198.523
1.1	-254.25	1.94E-07	5.64E-04	198.409
1.15	-254.72	1.84E-07	5.06E-04	198.299
1.2	-254.84	1.81E-07	4.92E-04	198.195
1.25	-254.76	1.83E-07	5.01E-04	198.094
1.3	-254.62	1.86E-07	5.17E-04	197.999
1.35	-254.35	1.92E-07	5.51E-04	197.908
1.4	-254.29	1.93E-07	5.58E-04	197.822
1.45	-254.13	1.97E-07	5.80E-04	197.74
1.5	-253.97	2.00E-07	6.02E-04	197.662
1.55	-253.92	2.01E-07	6.08E-04	197.589
1.6	-253.99	2.00E-07	5.98E-04	197.52
1.65	-253.93	2.01E-07	6.07E-04	197.456
1.7	-253.89	2.02E-07	6.13E-04	197.396
1.75	-253.98	2.00E-07	6.00E-04	197.339
1.8	-253.95	2.01E-07	6.04E-04	197.287
1.85	-253.96	2.01E-07	6.03E-04	197.239
1.9	-254.26	1.94E-07	5.63E-04	197.195
1.95	-254.83	1.81E-07	4.93E-04	197.156
2	-255.64	1.65E-07	4.10E-04	197.121
2.05	-255.95	1.59E-07	3.81E-04	197.087
2.1	-255.17	1.74E-07	4.56E-04	197.059
2.15	-254.49	1.89E-07	5.33E-04	197.034
2.2	-254.13	1.97E-07	5.79E-04	197.013
2.25	-254.05	1.98E-07	5.90E-04	196.996
2.3	-253.97	2.00E-07	6.01E-04	196.982
2.35	-253.98	2.00E-07	6.00E-04	196.972
2.4	-254.01	1.99E-07	5.96E-04	196.965
2.45	-253.85	2.03E-07	6.19E-04	196.962
2.5	-253.8	2.04E-07	6.25E-04	196.963
2.55	-253.75	2.05E-07	6.32E-04	196.967
2.6	-253.75	2.05E-07	6.33E-04	196.974
2.65	-253.7	2.06E-07	6.39E-04	196.984
2.7	-253.66	2.08E-07	6.46E-04	196.998
2.75	-253.66	2.08E-07	6.46E-04	197.016
2.8	-253.65	2.08E-07	6.47E-04	197.036
2.85	-253.63	2.08E-07	6.51E-04	197.059
2.9	-253.7	2.07E-07	6.40E-04	197.086
2.95	-253.73	2.06E-07	6.36E-04	197.115
3	-253.74	2.06E-07	6.34E-04	197.148
3.05	-253.67	2.07E-07	6.44E-04	197.184
3.1	-253.54	2.10E-07	6.64E-04	197.223
3.15	-253.45	2.13E-07	6.79E-04	197.264
3.2	-253.47	2.12E-07	6.75E-04	197.309
3.25	-253.49	2.12E-07	6.72E-04	197.356
3.3	-253.58	2.10E-07	6.58E-04	197.406
3.35	-253.66	2.07E-07	6.46E-04	197.459
3.4	-253.74	2.06E-07	6.34E-04	197.515
3.45	-253.78	2.05E-07	6.28E-04	197.574
3.5	-253.84	2.03E-07	6.19E-04	197.635
3.55	-253.9	2.02E-07	6.12E-04	197.698
3.6	-253.93	2.01E-07	6.07E-04	197.765
3.65	-253.9	2.02E-07	6.11E-04	197.834
3.7	-253.81	2.04E-07	6.23E-04	197.905
3.75	-253.73	2.06E-07	6.35E-04	197.979
3.8	-253.69	2.07E-07	6.41E-04	198.055
3.85	-253.62	2.08E-07	6.51E-04	198.134
3.9	-253.5	2.12E-07	6.71E-04	198.216
3.95	-253.39	2.14E-07	6.87E-04	198.299
4	-253.33	2.16E-07	6.97E-04	198.385
4.05	-253.34	2.15E-07	6.96E-04	198.473
4.1	-253.36	2.15E-07	6.92E-04	198.564
4.15	-253.45	2.13E-07	6.78E-04	198.657
4.2	-253.64	2.08E-07	6.49E-04	198.752
4.25	-253.83	2.04E-07	6.21E-04	198.849
4.3	-253.82	2.04E-07	6.23E-04	198.949
4.35	-253.61	2.09E-07	6.53E-04	199.05
4.4	-253.48	2.12E-07	6.74E-04	199.154
4.45	-253.46	2.12E-07	6.76E-04	199.26
4.5	-253.43	2.13E-07	6.81E-04	199.367
4.55	-253.38	2.14E-07	6.89E-04	199.477
4.6	-253.39	2.14E-07	6.87E-04	199.589
4.65	-253.4	2.14E-07	6.85E-04	199.703
4.7	-253.39	2.14E-07	6.87E-04	199.819
4.75	-253.4	2.14E-07	6.85E-04	199.937
4.8	-253.38	2.14E-07	6.88E-04	200.056
4.85	-253.37	2.15E-07	6.90E-04	200.178
4.9	-253.36	2.15E-07	6.92E-04	200.301
4.95	-253.3	2.16E-07	7.02E-04	200.427
5	-253.26	2.17E-07	7.08E-04	200.554
5.05	-253.21	2.18E-07	7.16E-04	200.683
5.1	-253.16	2.20E-07	7.25E-04	200.813
5.15	-253.1	2.21E-07	7.35E-04	200.946
5.2	-253.1	2.21E-07	7.36E-04	201.08
5.25	-253.15	2.20E-07	7.27E-04	201.216
5.3	-253.13	2.21E-07	7.29E-04	201.354
5.35	-253.11	2.21E-07	7.34E-04	201.493
5.4	-253.12	2.21E-07	7.31E-04	201.634
5.45	-253.12	2.21E-07	7.31E-04	201.777
5.5	-253.12	2.21E-07	7.32E-04	201.921
5.55	-253.09	2.22E-07	7.37E-04	202.067
5.6	-253.09	2.22E-07	7.37E-04	202.214
5.65	-253.11	2.21E-07	7.32E-04	202.363
5.7	-253.12	2.21E-07	7.32E-04	202.514
5.75	-253.15	2.20E-07	7.26E-04	202.666
5.8	-253.16	2.20E-07	7.24E-04	202.82
5.85	-253.11	2.21E-07	7.33E-04	202.975
5.9	-253.16	2.20E-07	7.24E-04	203.132
5.95	-253.18	2.19E-07	7.21E-04	203.29
6	-253.16	2.20E-07	7.25E-04	203.45
6.05	-253.24	2.18E-07	7.12E-04	203.611
6.1	-253.25	2.18E-07	7.10E-04	203.773
6.15	-253.17	2.20E-07	7.23E-04	203.938
6.2	-253.16	2.20E-07	7.25E-04	204.103
6.25	-253.19	2.19E-07	7.19E-04	204.27
6.3	-253.15	2.20E-07	7.27E-04	204.438
6.35	-253.07	2.22E-07	7.39E-04	204.608
6.4	-253.02	2.23E-07	7.48E-04	204.779
6.45	-252.99	2.24E-07	7.54E-04	204.952
6.5	-252.94	2.26E-07	7.63E-04	205.126
6.55	-252.89	2.27E-07	7.71E-04	205.301
6.6	-252.87	2.27E-07	7.74E-04	205.478
6.65	-252.84	2.28E-07	7.80E-04	205.656
6.7	-252.78	2.30E-07	7.91E-04	205.835
6.75	-252.72	2.31E-07	8.01E-04	206.016
6.8	-252.7	2.32E-07	8.07E-04	206.198
6.85	-252.7	2.32E-07	8.06E-04	206.381
6.9	-252.63	2.34E-07	8.18E-04	206.566
6.95	-252.62	2.34E-07	8.20E-04	206.752
7	-252.57	2.35E-07	8.31E-04	206.939
7.05	-252.56	2.36E-07	8.32E-04	207.128
7.1	-252.57	2.35E-07	8.30E-04	207.318
7.15	-252.51	2.37E-07	8.42E-04	207.509
7.2	-252.48	2.38E-07	8.48E-04	207.702
7.25	-252.53	2.36E-07	8.37E-04	207.896
7.3	-252.56	2.36E-07	8.32E-04	208.091
7.35	-252.54	2.36E-07	8.35E-04	208.288
7.4	-252.58	2.35E-07	8.28E-04	208.485
7.45	-252.57	2.35E-07	8.30E-04	208.684
7.5	-252.58	2.35E-07	8.29E-04	208.885
7.55	-252.49	2.37E-07	8.45E-04	209.086
7.6	-252.49	2.37E-07	8.45E-04	209.289
7.65	-252.55	2.36E-07	8.34E-04	209.494
7.7	-252.57	2.35E-07	8.31E-04	209.699
7.75	-252.54	2.36E-07	8.35E-04	209.906
7.8	-252.55	2.36E-07	8.34E-04	210.115
7.85	-252.55	2.36E-07	8.33E-04	210.324
7.9	-252.51	2.37E-07	8.41E-04	210.535
7.95	-252.54	2.36E-07	8.36E-04	210.747
8	-252.5	2.37E-07	8.44E-04	210.961
8.05	-252.53	2.36E-07	8.38E-04	211.175
8.1	-252.5	2.37E-07	8.44E-04	211.392
8.15	-252.5	2.37E-07	8.43E-04	211.609
8.2	-252.43	2.39E-07	8.56E-04	211.828
8.25	-252.46	2.38E-07	8.52E-04	212.048
8.3	-252.45	2.38E-07	8.53E-04	212.27
8.35	-252.48	2.38E-07	8.47E-04	212.493
8.4	-252.42	2.39E-07	8.60E-04	212.717
8.45	-252.48	2.38E-07	8.48E-04	212.943
8.5	-252.49	2.37E-07	8.45E-04	213.17
8.55	-252.45	2.39E-07	8.53E-04	213.399
8.6	-252.41	2.40E-07	8.60E-04	213.629
8.65	-252.49	2.38E-07	8.46E-04	213.86
8.7	-252.38	2.40E-07	8.67E-04	214.093
8.75	-252.49	2.37E-07	8.45E-04	214.328
8.8	-252.3	2.43E-07	8.84E-04	214.563
8.85	-252.32	2.42E-07	8.80E-04	214.801
8.9	-252.32	2.42E-07	8.80E-04	215.039
8.95	-252.13	2.48E-07	9.19E-04	215.28
9	-252.08	2.49E-07	9.29E-04	215.521
9.05	-252.04	2.50E-07	9.39E-04	215.765
9.1	-251.96	2.52E-07	9.55E-04	216.01
9.15	-251.85	2.56E-07	9.79E-04	216.256
9.2	-251.85	2.55E-07	9.79E-04	216.504
9.25	-251.88	2.55E-07	9.74E-04	216.754
9.3	-251.82	2.57E-07	9.88E-04	217.005
9.35	-251.91	2.54E-07	9.66E-04	217.258
9.4	-252	2.51E-07	9.47E-04	217.512
9.45	-251.99	2.51E-07	9.48E-04	217.769
9.5	-251.97	2.52E-07	9.53E-04	218.026
9.55	-252.06	2.50E-07	9.34E-04	218.286
9.6	-252.16	2.47E-07	9.13E-04	218.547
9.65	-252.2	2.45E-07	9.03E-04	218.81
9.7	-252.14	2.47E-07	9.16E-04	219.075
9.75	-252.06	2.50E-07	9.34E-04	219.341
9.8	-252.05	2.50E-07	9.35E-04	219.61
9.85	-252.11	2.48E-07	9.23E-04	219.88
9.9	-252.13	2.47E-07	9.18E-04	220.152
9.95	-252.01	2.51E-07	9.45E-04	220.426
10	-252.12	2.48E-07	9.21E-04	220.701
10.05	-252.11	2.48E-07	9.22E-04	220.979
10.1	-252.11	2.48E-07	9.24E-04	221.259
10.15	-252.07	2.49E-07	9.30E-04	221.54
10.2	-252.07	2.49E-07	9.31E-04	221.824
10.25	-252.06	2.50E-07	9.34E-04	222.109
10.3	-252.27	2.44E-07	8.90E-04	222.397
10.35	-252.21	2.45E-07	9.02E-04	222.686
10.4	-252.27	2.44E-07	8.89E-04	222.978
10.45	-252.36	2.41E-07	8.72E-04	223.272
10.5	-252.39	2.40E-07	8.65E-04	223.568
10.55	-252.32	2.42E-07	8.79E-04	223.866
10.6	-252.44	2.39E-07	8.55E-04	224.166
10.65	-252.33	2.42E-07	8.77E-04	224.469
10.7	-252.29	2.43E-07	8.86E-04	224.773
10.75	-252.45	2.39E-07	8.53E-04	225.08
10.8	-252.49	2.37E-07	8.45E-04	225.39
10.85	-252.46	2.38E-07	8.51E-04	225.701
10.9	-252.49	2.38E-07	8.46E-04	226.015
10.95	-252.55	2.36E-07	8.34E-04	226.332
11	-252.63	2.34E-07	8.18E-04	226.65
11.05	-252.66	2.33E-07	8.13E-04	226.972
11.1	-252.58	2.35E-07	8.29E-04	227.296
11.15	-252.54	2.36E-07	8.36E-04	227.622
11.2	-252.59	2.35E-07	8.25E-04	227.951
11.25	-252.64	2.33E-07	8.17E-04	228.282
11.3	-252.65	2.33E-07	8.16E-04	228.616
11.35	-252.71	2.32E-07	8.05E-04	228.953
11.4	-252.74	2.31E-07	7.98E-04	229.292
11.45	-252.72	2.31E-07	8.01E-04	229.635
11.5	-252.83	2.28E-07	7.83E-04	229.98
11.55	-252.93	2.26E-07	7.64E-04	230.327
11.6	-252.98	2.25E-07	7.56E-04	230.678
11.65	-253.05	2.23E-07	7.44E-04	231.031
11.7	-252.97	2.25E-07	7.57E-04	231.388
11.75	-253	2.24E-07	7.51E-04	231.747
11.8	-253.12	2.21E-07	7.32E-04	232.109
11.85	-253.09	2.22E-07	7.36E-04	232.475
11.9	-253.08	2.22E-07	7.38E-04	232.843
11.95	-253.12	2.21E-07	7.31E-04	233.215
12	-253.13	2.21E-07	7.30E-04	233.589
12.05	-253.22	2.18E-07	7.15E-04	233.967
12.1	-253.3	2.16E-07	7.02E-04	234.348
12.15	-253.16	2.20E-07	7.25E-04	234.733
12.2	-253.17	2.20E-07	7.23E-04	235.12
12.25	-253.27	2.17E-07	7.07E-04	235.511
12.3	-253.36	2.15E-07	6.91E-04	235.906
12.35	-253.38	2.14E-07	6.88E-04	236.304
12.4	-253.37	2.15E-07	6.91E-04	236.705
12.45	-253.41	2.14E-07	6.85E-04	237.11
12.5	-253.43	2.13E-07	6.81E-04	237.519
12.55	-253.46	2.12E-07	6.77E-04	237.931
12.6	-253.53	2.11E-07	6.66E-04	238.346
12.65	-253.5	2.11E-07	6.70E-04	238.766
12.7	-253.48	2.12E-07	6.74E-04	239.189
12.75	-253.66	2.08E-07	6.46E-04	239.616
12.8	-253.75	2.05E-07	6.32E-04	240.047
12.85	-253.75	2.05E-07	6.32E-04	240.482
12.9	-253.78	2.05E-07	6.28E-04	240.921
12.95	-253.89	2.02E-07	6.12E-04	241.363
13	-253.86	2.03E-07	6.17E-04	241.81
13.05	-253.72	2.06E-07	6.38E-04	242.261
13.1	-253.69	2.07E-07	6.41E-04	242.716
13.15	-253.74	2.06E-07	6.34E-04	243.175
13.2	-253.89	2.02E-07	6.12E-04	243.639
13.25	-254.07	1.98E-07	5.87E-04	244.107
13.3	-254.17	1.96E-07	5.74E-04	244.579
13.35	-254.17	1.96E-07	5.74E-04	245.055
13.4	-254.23	1.94E-07	5.66E-04	245.536
13.45	-254.35	1.92E-07	5.51E-04	246.022
13.5	-254.35	1.92E-07	5.51E-04	246.512
13.55	-254.28	1.93E-07	5.60E-04	247.006
13.6	-254.17	1.96E-07	5.74E-04	247.506
13.65	-254.06	1.98E-07	5.89E-04	248.01
13.7	-254.06	1.98E-07	5.90E-04	248.519
13.75	-254.18	1.96E-07	5.73E-04	249.032
13.8	-254.42	1.90E-07	5.42E-04	249.551
13.85	-254.58	1.87E-07	5.23E-04	250.075
13.9	-254.58	1.87E-07	5.22E-04	250.603
13.95	-254.57	1.87E-07	5.23E-04	251.137
14	-254.64	1.85E-07	5.16E-04	251.676
14.05	-254.67	1.85E-07	5.12E-04	252.219
14.1	-254.71	1.84E-07	5.07E-04	252.768
14.15	-254.76	1.83E-07	5.01E-04	253.323
14.2	-254.76	1.83E-07	5.01E-04	253.883
14.25	-254.7	1.84E-07	5.08E-04	254.448
14.3	-254.94	1.79E-07	4.81E-04	255.019
14.35	-255.02	1.77E-07	4.72E-04	255.595
14.4	-254.89	1.80E-07	4.87E-04	256.177
14.45	-254.86	1.81E-07	4.90E-04	256.764
14.5	-254.98	1.78E-07	4.76E-04	257.357
14.55	-255.16	1.75E-07	4.57E-04	257.956
14.6	-255.25	1.73E-07	4.48E-04	258.561
14.65	-255.11	1.76E-07	4.62E-04	259.172
14.7	-255.08	1.76E-07	4.66E-04	259.789
14.75	-255.33	1.71E-07	4.40E-04	260.412
14.8	-255.47	1.68E-07	4.26E-04	261.04
14.85	-255.51	1.68E-07	4.22E-04	261.675
14.9	-255.46	1.69E-07	4.26E-04	262.317
14.95	-255.52	1.68E-07	4.21E-04	262.964
15	-255.56	1.67E-07	4.17E-04	263.618
15.05	-255.52	1.68E-07	4.21E-04	264.279
15.1	-255.62	1.66E-07	4.11E-04	264.945
15.15	-255.83	1.62E-07	3.92E-04	265.619
15.2	-255.74	1.63E-07	4.00E-04	266.299
15.25	-255.55	1.67E-07	4.18E-04	266.986
15.3	-255.69	1.64E-07	4.04E-04	267.68
15.35	-255.84	1.61E-07	3.91E-04	268.38
15.4	-255.86	1.61E-07	3.89E-04	269.088
15.45	-255.8	1.62E-07	3.94E-04	269.802
15.5	-255.79	1.62E-07	3.95E-04	270.525
15.55	-255.94	1.60E-07	3.82E-04	271.253
15.6	-255.9	1.60E-07	3.85E-04	271.989
15.65	-255.89	1.61E-07	3.87E-04	272.733
15.7	-256.01	1.58E-07	3.76E-04	273.483
15.75	-256.16	1.56E-07	3.63E-04	274.241
15.8	-256.11	1.57E-07	3.67E-04	275.007
15.85	-256.16	1.56E-07	3.63E-04	275.78
15.9	-256.31	1.53E-07	3.51E-04	276.561
15.95	-256.34	1.53E-07	3.49E-04	277.349
16	-256.39	1.52E-07	3.44E-04	278.146
16.05	-256.43	1.51E-07	3.41E-04	278.95
16.1	-256.39	1.52E-07	3.45E-04	279.762
16.15	-256.49	1.50E-07	3.37E-04	280.582
16.2	-256.61	1.48E-07	3.28E-04	281.41
16.25	-256.68	1.47E-07	3.22E-04	282.247
16.3	-256.77	1.45E-07	3.16E-04	283.092
16.35	-256.81	1.44E-07	3.13E-04	283.945
16.4	-256.79	1.45E-07	3.14E-04	284.806
16.45	-256.83	1.44E-07	3.11E-04	285.676
16.5	-257.06	1.40E-07	2.95E-04	286.555
16.55	-257.06	1.40E-07	2.95E-04	287.442
16.6	-256.93	1.42E-07	3.04E-04	288.337
16.65	-257.1	1.40E-07	2.92E-04	289.242
16.7	-257.12	1.39E-07	2.91E-04	290.156
16.75	-257.02	1.41E-07	2.98E-04	291.078
16.8	-257.08	1.40E-07	2.94E-04	292.01
16.85	-257.1	1.40E-07	2.92E-04	292.951
16.9	-257.26	1.37E-07	2.82E-04	293.9
16.95	-257.37	1.35E-07	2.75E-04	294.86
17	-257.18	1.38E-07	2.87E-04	295.829
17.05	-257.47	1.34E-07	2.68E-04	296.807
17.1	-257.52	1.33E-07	2.66E-04	297.795
17.15	-257.54	1.33E-07	2.64E-04	298.794
17.2	-257.37	1.35E-07	2.75E-04	299.801
17.25	-257.59	1.32E-07	2.62E-04	300.819
17.3	-257.64	1.31E-07	2.58E-04	301.846
17.35	-257.54	1.33E-07	2.64E-04	302.883
17.4	-257.64	1.31E-07	2.58E-04	303.931
17.45	-257.57	1.32E-07	2.63E-04	304.989
17.5	-257.44	1.34E-07	2.70E-04	306.056
17.55	-257.58	1.32E-07	2.62E-04	307.135
17.6	-257.71	1.30E-07	2.54E-04	308.223
17.65	-257.72	1.30E-07	2.54E-04	309.323
17.7	-257.73	1.30E-07	2.53E-04	310.433
17.75	-257.84	1.28E-07	2.47E-04	311.553
17.8	-257.89	1.28E-07	2.44E-04	312.684
17.85	-257.92	1.27E-07	2.42E-04	313.826
17.9	-257.94	1.27E-07	2.41E-04	314.98
17.95	-257.83	1.28E-07	2.48E-04	316.144
18	-257.89	1.28E-07	2.44E-04	317.319
18.05	-258.09	1.25E-07	2.33E-04	318.505
18.1	-258.08	1.25E-07	2.33E-04	319.704
18.15	-258.02	1.26E-07	2.36E-04	320.913
18.2	-258.28	1.22E-07	2.23E-04	322.134
18.25	-258.26	1.22E-07	2.24E-04	323.367
18.3	-258.33	1.21E-07	2.21E-04	324.613
18.35	-258.57	1.18E-07	2.09E-04	325.87
18.4	-258.58	1.18E-07	2.08E-04	327.139
18.45	-258.27	1.22E-07	2.23E-04	328.419
18.5	-258.41	1.20E-07	2.16E-04	329.713
18.55	-258.39	1.20E-07	2.17E-04	331.018
18.6	-258.23	1.23E-07	2.26E-04	332.335
18.65	-258.38	1.21E-07	2.18E-04	333.666
18.7	-258.57	1.18E-07	2.09E-04	335.008
18.75	-258.67	1.17E-07	2.04E-04	336.363
18.8	-258.68	1.17E-07	2.03E-04	337.731
18.85	-258.51	1.19E-07	2.12E-04	339.111
18.9	-258.56	1.18E-07	2.09E-04	340.504
18.95	-258.56	1.18E-07	2.09E-04	341.911
19	-258.73	1.16E-07	2.01E-04	343.33
19.05	-258.73	1.16E-07	2.01E-04	344.763
19.1	-258.58	1.18E-07	2.08E-04	346.208
19.15	-258.68	1.16E-07	2.03E-04	347.669
19.2	-258.77	1.15E-07	1.99E-04	349.143
19.25	-258.71	1.16E-07	2.02E-04	350.631
19.3	-258.73	1.16E-07	2.01E-04	352.132
19.35	-258.84	1.14E-07	1.96E-04	353.647
19.4	-258.66	1.17E-07	2.04E-04	355.177
19.45	-258.63	1.17E-07	2.06E-04	356.72
19.5	-258.71	1.16E-07	2.02E-04	358.277
19.55	-258.67	1.17E-07	2.04E-04	359.848
19.6	-258.83	1.15E-07	1.97E-04	361.434
19.65	-258.95	1.13E-07	1.91E-04	363.035
19.7	-258.87	1.14E-07	1.94E-04	364.65
19.75	-258.81	1.15E-07	1.97E-04	366.279
19.8	-258.94	1.13E-07	1.92E-04	367.924
19.85	-258.94	1.13E-07	1.91E-04	369.583
19.9	-258.95	1.13E-07	1.91E-04	370.372
19.95	-258.98	1.13E-07	1.90E-04	370.84
20	-259.01	1.12E-07	1.89E-04	371.308
